[redshift]
adjustment-method=randr
location-provider=manual
temp-day=6500
temp-night=4000

fade=1

dawn-time=04:00-05:00
dusk-time=22:00-23:00

[manual]
lat=13.6333300
lon=-88.8000000
